P = [ ...
    0	0	100	0 ; ...
95	1.667	1.667	1.667 ; ...
95	1.667	1.667	1.667 ; ...
3.333	90	3.333	3.333 ; ...
95	1.667	1.667	1.667 ; ...
3.333	90	3.333	3.333 ; ...
3.333	3.333 90	3.333 ; ...
3.333	90	3.333	3.333 ; ...
1.667	1.667	95	1.667 ; ...
90	3.333	3.333	3.333 ; ...
90	3.333	3.333	3.333 ; ...
3.333	90	3.333	3.333 ; ...
90	3.333	3.333	3.333 ; ...
3.333	90	3.333	3.333 ; ...
3.333	3.333 90	3.333  ; ...
0	50	0	50 ...
] / 100;