P = [ ...
    50	0	50	0 ; ...
95 1.667	1.667	1.667 ; ...
95 1.667	1.667	1.667 ; ...
90 3.333	3.333	3.333 ; ...
95 1.667	1.667	1.667 ; ...
90	3.333	3.333	3.333 ; ...
3.333	3.333	90	3.333 ; ...
3.333	90	3.333	3.333 ; ...
47.5 2.5 47.5 2.5 ; ...
90	3.333	3.333	3.333 ; ...
90	3.333	3.333	3.333 ; ...
3.333	90	3.333	3.333; ...
90	3.333	3.333	3.333 ; ...
3.333	90	3.333	3.333 ; ...
3.333	3.333	90	3.333 ; ...
0	100	0	0; ...
] / 100;