 P = [ ...
100 0 0 0 ; ...
1.667 95 1.667 1.667 ; ...
1.667 95 1.667 1.667 ; ...
3.333 90 3.333 3.333 ; ...
1.667 95 1.667 1.667 ; ...
3.333 90 3.333 3.333 ; ...
5 45 45 5 ; ...
3.333 3.333 3.333 90 ; ...
1.667 95 1.667 1.667 ; ...
3.333 90 3.333 3.333 ; ...
3.333 90 3.333 3.333 ; ...
3.333 90 3.333 3.333 ; ...
3.333 90 3.333 3.333 ; ...
3.333 90 3.333 3.333 ; ...
5 45 45 5 ; ...
0 0 0 100 ...
] / 100;
